[gd_scene load_steps=4 format=3 uid="uid://c6uauru1bj1cw"]

[ext_resource type="Material" uid="uid://b38cafcxgkkgn" path="res://bubble_food_overlay.tres" id="1_ub0rm"]

[sub_resource type="BoxShape3D" id="BoxShape3D_357fx"]
size = Vector3(1, 0.01, 1)

[sub_resource type="PlaneMesh" id="PlaneMesh_182dp"]
size = Vector2(0.4, 0.4)
orientation = 2

[node name="Bubble_food" type="RigidBody3D"]
gravity_scale = -0.3

[node name="CollisionShape3D" type="CollisionShape3D" parent="."]
transform = Transform3D(1, 0, 0, 0, 1, 0, 0, 0, 1, -0.0549316, -0.00311279, -0.0947876)
shape = SubResource("BoxShape3D_357fx")

[node name="MeshInstance3D" type="MeshInstance3D" parent="."]
transform = Transform3D(0.938613, 0, 0.344971, 0, 1, 0, -0.344971, 0, 0.938613, -0.287449, 0, 0.11126)
mesh = SubResource("PlaneMesh_182dp")
surface_material_override/0 = ExtResource("1_ub0rm")

[node name="MeshInstance3D2" type="MeshInstance3D" parent="."]
transform = Transform3D(0.904321, 0, -0.426853, 0, 1, 0, 0.426853, 0, 0.904321, 0.196642, 0, 0.12219)
mesh = SubResource("PlaneMesh_182dp")
surface_material_override/0 = ExtResource("1_ub0rm")

[node name="MeshInstance3D3" type="MeshInstance3D" parent="."]
transform = Transform3D(0.821219, 0, 0.570613, 0, 1, 0, -0.570613, 0, 0.821219, -0.0223724, 0, -0.277629)
mesh = SubResource("PlaneMesh_182dp")
surface_material_override/0 = ExtResource("1_ub0rm")
