[gd_scene load_steps=4 format=3 uid="uid://c6uauru1bj1cw"]

[ext_resource type="Material" uid="uid://drnh2niqlv7ox" path="res://bubble_food.tres" id="1_fcv5m"]

[sub_resource type="BoxShape3D" id="BoxShape3D_357fx"]
size = Vector3(2.373, 0.01, 2.472)

[sub_resource type="PlaneMesh" id="PlaneMesh_182dp"]
size = Vector2(1, 1)

[node name="Bubble_food" type="RigidBody3D"]

[node name="CollisionShape3D" type="CollisionShape3D" parent="."]
transform = Transform3D(1, 0, 0, 0, 1, 0, 0, 0, 1, -0.0549316, -0.00311279, -0.0947876)
shape = SubResource("BoxShape3D_357fx")

[node name="MeshInstance3D" type="MeshInstance3D" parent="."]
transform = Transform3D(0.938613, 0, 0.344971, 0, 1, 0, -0.344971, 0, 0.938613, -0.607604, 0, 0.158342)
mesh = SubResource("PlaneMesh_182dp")
surface_material_override/0 = ExtResource("1_fcv5m")

[node name="MeshInstance3D2" type="MeshInstance3D" parent="."]
transform = Transform3D(0.904321, 0, -0.426853, 0, 1, 0, 0.426853, 0, 0.904321, 0.469714, 0, 0.442344)
mesh = SubResource("PlaneMesh_182dp")
surface_material_override/0 = ExtResource("1_fcv5m")

[node name="MeshInstance3D3" type="MeshInstance3D" parent="."]
transform = Transform3D(0.821219, 0, 0.570613, 0, 1, 0, -0.570613, 0, 0.821219, 0.118872, 0, -0.635448)
mesh = SubResource("PlaneMesh_182dp")
surface_material_override/0 = ExtResource("1_fcv5m")
